FileID	EventID
0004	6841
0007	10565
0013	18601
0020	29143
0022	30760
0025	34995
0026	36479
0026	37214
0032	44732
0038	54147
0041	57437
0049	68700
0052	73180
0063	88020
0066	92773
0070	98331
0073	102594
0079	110609
0085	118113
0105	147100
0115	160673
0127	176444
0128	178243
0132	184277
0134	187259
0134	187539
0135	188568
0141	196919
0147	204780
0150	209603
0155	215994
0160	223260
0163	227166
0180	251316
0204	284776
0221	308072
0222	308961
0223	310438
0231	321197
0246	343289
0248	345907
0257	357555
0264	367880
0264	367950
0265	368587
0267	372493
0274	382300
0275	383434
0277	385898
0287	399926
0290	404154
0290	404483
0294	408886
0301	419309
0304	423663
0313	435213
0314	437264
0323	450088
0326	453763
0334	465320
0338	470430
0343	477458
0374	520228
0375	522517
0385	536356
0386	536944
0387	538890
0394	548802
0395	549313
0396	551147
0403	561122
0426	592748
0436	607147
0437	607966
0440	612166
0442	615120
0446	621028
0448	624178
0450	626740
0471	655454
0475	661705
0476	663273
0482	671540
0491	683167
0491	684070
0498	693093
0504	701255
0523	728037
0529	735912
0529	736241
0540	751298
0542	754525
0548	762295
0554	771010
0561	781202
0576	801173
0580	807298
0581	808551
0597	830860
0597	831028
0605	841591
0608	845623
0615	856095
0616	856886
0618	860260
0629	875667
0635	882884
0639	889065
0641	891564
0654	910422
0662	921132
0667	927761
0687	955901
0688	957469
0692	962509
0692	963258
0693	963664
0706	982795
0713	991734
0718	998825
0728	1012902
0729	1014750
0753	1048007
0759	1056281
0772	1073648
0773	1075391
0774	1077169
0787	1094900
0788	1095929
0794	1104413
0800	1113072
0823	1144369
0832	1156563
0835	1160868
0835	1161232
0841	1169954
0849	1180286
0852	1184927
0854	1187447
0868	1206683
0874	1215881
0890	1237434
0891	1239793
0893	1242243
0895	1244770
0900	1251903
0905	1257951
0909	1264062
0913	1270201
0921	1281219
0924	1284761
0935	1299979
0944	1312544
0944	1312621
0952	1323821
0964	1340845
0972	1351625
0986	1370819
0986	1371687
0987	1372779
0989	1375201
0994	1382054
1002	1394024
1003	1395032
1009	1402886
1010	1403943
1011	1406274
1023	1422444
1029	1430921
1036	1440637
1037	1441778
1043	1449828
1045	1453349
1045	1453454
1046	1454399
1063	1477975
1066	1481566
1066	1481930
1068	1485458
1076	1495286
1078	1498884
1079	1499815
1083	1504988
1087	1511029
1089	1514494
1090	1515250
1092	1518575
1097	1525540
1104	1535179
1105	1535753
1113	1547212
1115	1550103
1122	1559917
1123	1561296
1126	1565104
1138	1581946
1138	1582604
1144	1589891
1147	1594497
1152	1601518
1159	1611353
1162	1614720
1163	1616505
1166	1620635
1168	1623582
1177	1635545
1184	1646535
1186	1648586
1191	1655509
1195	1661830
1199	1667115
1204	1673968
1210	1681304
1222	1699315
1225	1703186
1229	1708800
1231	1711719
1235	1716101
1235	1716206
1235	1716850
1240	1723066
1259	1749428
1276	1774061
1286	1787102
1289	1791918
1300	1807773
1319	1833036
1321	1836620
1323	1839567
1325	1842430
1326	1842997
1326	1843634
1328	1846483
1347	1873223
1348	1874385
1354	1881973
1359	1888819
1363	1894853
1367	1900404
1369	1902707
1374	1909553
1375	1910855
1376	1913074
1398	1943930
1401	1947248
1404	1951630
1408	1957069
1417	1969487
1423	1978258
1427	1983571
1431	1989360
1445	2007833
1472	2045556
1474	2048713
1478	2054026
1482	2059591
1483	2061243
1483	2061775
1494	2076860
1527	2123333
1538	2138271
1544	2146356
1555	2162428
1557	2164108
1577	2193333
1583	2201054
1584	2201866
1585	2203441
1597	2220374
1598	2222306
1603	2228662
1605	2231378
1623	2256648
1631	2267876
1631	2268324
1636	2274771
1637	2276451
1642	2283444
1650	2294315
1651	2295918
1657	2303597
1692	2352933
1701	2365561
1705	2370559
1714	2383565
1721	2392805
1725	2399042
1734	2411299
1741	2421519
1743	2423654
1744	2424942
1744	2425054
1745	2426699
1746	2428078
1751	2434966
1759	2445543
1762	2450009
1769	2460026
1771	2462854
1781	2476028
1799	2501578
1805	2509355
1815	2523537
1824	2535591
1825	2537894
1833	2547869
1835	2551845
1841	2559034
1846	2567077
1848	2569828
1850	2571536
1850	2571760
1852	2575036
1858	2583394
1865	2592032
1877	2609056
1885	2620130
1894	2633535
1899	2639954
1904	2646401
1907	2651539
1908	2652134
1913	2659498
1914	2661409
1917	2664713
1922	2672518
1928	2680267
1930	2682556
1935	2690340
1946	2705124
1946	2705243
1948	2708239
1953	2715064
1958	2722757
1959	2723660
1963	2729547
1966	2733537
1975	2746382
1980	2753032
1984	2758695
1988	2764050
1989	2765079
1989	2765807
2016	2802893
2018	2805427
2020	2808493
2029	2821289
2039	2834512
2041	2836976
2041	2837767
2043	2840105
2070	2877821
2082	2894530
2083	2895888
2086	2900011
2103	2923454
2112	2935802
2118	2944384
2122	2949893
2131	2962143
2138	2972230
2149	2987924
2162	3005935
2164	3008574
2170	3016932
2173	3021524
2175	3024030
2189	3042895
2194	3050063
2194	3050469
2196	3052338
2203	3061942
2204	3064056
2210	3072743
2211	3074108
2211	3074192
2213	3076509
2217	3081808
2229	3098930
2240	3114169
2248	3124382
2248	3124816
2250	3128232
2260	3142043
2271	3157464
2271	3157604
2282	3172430
2286	3178450
2288	3180424
2293	3188019
2298	3195502
2305	3204749
2315	3218252
2315	3218868
2328	3236277
2332	3241555
2340	3253567
2344	3258761
2348	3264634
2351	3268197
2359	3278753
2370	3294300
2375	3302434
2378	3305724
2386	3316532
2390	3321915
2390	3322636
2400	3336839
2401	3338176
2402	3338701
2412	3353450
2412	3353583
2430	3377936
2432	3380932
2443	3395961
2459	3418907
2464	3424913
2468	3430429
2468	3431486
2477	3442644
2484	3452444
2487	3457008
2492	3464071
2496	3470035
2505	3482047
2514	3494717
2517	3498609
2523	3507667
2524	3508332
