Run_ID	 duration	 Date_CV        	 Date_Err	 OK   	 LOST 	 Reco_CV	 After_Zneg	 nS1_0	 nS1_1	 nS1_NOPolike	 After_S1	 After_S2	 nElectron	 Clean_nElectron	 nElectron_Trg2	 nElectron_Fiducial	 nElectron_Tube	 nElectron_Anode	 nElectron_Cathode	 nAlpha	 Clean_nAlpha	 nAlpha_Trg2	 nAlpha_Fiducial	 nAlpha_Tube	 nAlpha_Anode	 nAlpha_Cathode
 15609	    79563	 1753149860.7957	 178.5054	 28168	  8392	   27865	      20667	  2139	 17560	        15564	    17703	    16460	     11894	           11886	           9082	                330	           6926	             992	               834	   4566	         4566	        4541	            1009	         530	          104	           2898
 15614	    81279	 1753243342.8727	 184.9919	 28543	  8472	   28225	      20811	  2232	 17470	        15432	    17664	    16162	     11737	           11729	           8938	                301	           6845	             964	               828	   4425	         4424	        4408	             950	         509	          115	           2834
 15615	    86302	 1753327824.6337	 189.7897	 30165	  9046	   29767	      21927	  2436	 18414	        16198	    18634	    16976	     12262	           12257	           9377	                319	           7074	            1104	               880	   4714	         4713	        4680	            1030	         604	          125	           2921
 15616	    86146	 1753413892.1011	 189.6876	 30386	  8635	   30124	      22198	  2414	 18742	        16505	    18919	    17239	     12337	           12325	           9441	                308	           7178	            1060	               895	   4902	         4901	        4876	            1014	         640	          145	           3077
 15617	    88041	 1753501621.2147	 189.1545	 31274	  8983	   31052	      22945	  2534	 19324	        17057	    19591	    17946	     13027	           13020	           9895	                325	           7541	            1114	               915	   4919	         4918	        4896	            1012	         589	          139	           3156
 15618	    82577	 1753586638.1847	 186.0919	 29104	  8619	   28831	      21301	  2322	 18015	        15908	    18230	    16671	     12119	           12110	           9176	                317	           6939	            1031	               889	   4552	         4550	        4520	             918	         552	          124	           2926
 15619	    77964	 1753666508.1978	 179.8442	 27411	  7930	   27165	      20133	  2230	 16740	        14785	    17015	    15626	     11224	           11214	           8502	                291	           6450	             973	               788	   4402	         4402	        4380	             975	         564	          138	           2703
 15621	    83287	 1753758337.8504	 184.6781	 29261	  8351	   28994	      21393	  2317	 18010	        15927	    18244	    17061	     12235	           12228	           9341	                331	           7010	            1096	               904	   4826	         4824	        4792	            1060	         631	          128	           2973
 15622	    90371	 1753846053.1102	 192.1036	 31543	  9167	   31245	      23137	  2549	 19496	        17243	    19792	    18492	     13307	           13301	          10152	                350	           7691	            1134	               977	   5185	         5183	        5154	            1001	         678	          158	           3317
 15623	    80748	 1753931584.5079	 180.0733	 28474	  8300	   28210	      20836	  2371	 17551	        15474	    17845	    16733	     11969	           11962	           8932	                292	           6753	            1018	               869	   4764	         4764	        4742	             996	         582	          145	           3019
 15624	    64650	 1754005249.4201	 160.8697	 22921	  6461	   22720	      16718	  1794	 14161	        12427	    14221	    13334	      9619	            9616	           7280	                274	           5551	             782	               673	   3715	         3714	        3696	             823	         463	          106	           2304
 15625	    87329	 1754085487.9726	 188.6909	 30498	  8570	   30122	      22216	  2447	 18570	        16321	    18768	    17600	     12651	           12642	           9485	                279	           7249	            1083	               874	   4949	         4948	        4913	            1032	         643	          137	           3101
 15626	   107092	 1754182810.2824	 210.2438	 37665	 10446	   37257	      27340	  3105	 22873	        19953	    23058	    21593	     15446	           15435	          11609	                336	           8792	            1385	              1096	   6147	         6146	        6122	            1311	         792	          160	           3859
 15627	    61872	 1754267624.4271	 157.6737	 21967	  6238	   21692	      16020	  1744	 13482	        11802	    13546	    12727	      9257	            9246	           6986	                175	           5367	             806	               638	   3470	         3467	        3454	             716	         449	          116	           2173
 15632	    86709	 1754356008.6132	 190.7012	 30444	  8826	   30078	      22169	  2545	 18595	        16261	    18806	    17236	     12386	           12369	           9176	                265	           6955	            1071	               885	   4850	         4848	        4821	             996	         628	          144	           3053
 15633	    86076	 1754442451.4676	 192.1317	 30070	  8578	   29744	      21847	  2414	 18360	        16087	    18501	    16915	     12185	           12173	           9125	                231	           7006	            1058	               830	   4730	         4728	        4701	             994	         582	          115	           3010
 15634	    86545	 1754528915.4406	 190.9189	 30372	  8234	   30034	      22061	  2410	 18534	        16387	    18797	    17300	     12415	           12406	           9319	                233	           7171	            1023	               892	   4885	         4884	        4861	            1017	         559	          113	           3172
 15635	    87672	 1754616118.4328	 190.0602	 30697	  8537	   30372	      22438	  2450	 19008	        16653	    19103	    17532	     12705	           12696	           9584	                227	           7385	            1097	               875	   4827	         4826	        4794	            1069	         563	          145	           3017
 15636	    84284	 1754702321.5884	 187.6820	 29394	  8465	   29123	      21470	  2398	 17937	        15854	    18252	    16839	     12172	           12163	           9034	                225	           6897	            1025	               887	   4667	         4665	        4634	            1006	         538	          118	           2972
 15637	    76285	 1754782498.6388	 178.1706	 26571	  7422	   26326	      19358	  2141	 16384	        14427	    16568	    15261	     11092	           11086	           8303	                206	           6359	             962	               776	   4169	         4167	        4136	             861	         513	          109	           2653
 15639	    87347	 1754871947.7861	 188.0062	 30861	  8525	   30503	      22458	  2415	 19041	        16761	    19176	    18050	     12904	           12896	           9783	                268	           7441	            1108	               966	   5146	         5139	        5105	            1076	         636	          125	           3268
 15640	    30714	 1754930670.1222	 110.0748	 10700	  3170	   10565	       7814	   889	  6568	         5793	     6682	     6292	      4586	            4583	           3403	                 95	           2602	             386	               320	   1706	         1706	        1695	             320	         218	           51	           1106
 15642	    25075	 1754962652.9449	 101.3375	  8722	  2437	    8635	       6374	   689	  5359	         4681	     5370	     5049	      3665	            3663	           2747	                 68	           2121	             290	               268	   1384	         1383	        1374	             319	         176	           45	            834
 15643	    89049	 1755020063.6514	 189.1476	 31554	  8674	   31248	      22939	  2472	 19388	        17110	    19582	    18441	     13282	           13275	           9998	                248	           7716	            1082	               952	   5159	         5154	        5119	            1044	         663	          113	           3299
 15644	    85486	 1755108759.4881	 184.8971	 30518	  8297	   30232	      22201	  2533	 18621	        16443	    18976	    17897	     12833	           12823	           9582	                250	           7288	            1124	               920	   5064	         5061	        5019	            1015	         618	          133	           3253
 15645	    85729	 1755194842.3913	 186.3117	 30510	  8318	   30186	      22216	  2452	 18693	        16298	    18750	    17660	     12695	           12686	           9518	                258	           7266	            1106	               888	   4965	         4963	        4939	            1110	         586	          143	           3100
 15647	    86629	 1755281542.6315	 187.2068	 30767	  8406	   30442	      22479	  2540	 18845	        16570	    19110	    18017	     13013	           13004	           9758	                232	           7409	            1152	               965	   5004	         5003	        4969	            1027	         604	          144	           3194
 15648	    86466	 1755368391.5946	 186.3036	 31033	  8393	   30741	      22589	  2537	 18878	        16547	    19084	    17997	     12795	           12789	           9643	                286	           7311	            1125	               921	   5202	         5199	        5151	            1060	         653	          167	           3271
 15649	    86270	 1755455368.6256	 185.6241	 30639	  8153	   30270	      22369	  2477	 18888	        16544	    19021	    17917	     12953	           12945	           9663	                275	           7312	            1114	               962	   4964	         4962	        4928	             940	         639	          152	           3197
 15650	    22096	 1755509436.7136	  92.5548	  8044	  2227	    7966	       5896	   641	  4937	         4332	     4973	     4696	      3344	            3343	           2455	                 61	           1844	             296	               254	   1352	         1352	        1343	             299	         169	           28	            847
 15655	    80788	 1755576428.1100	 285.2609	 28802	  7950	   28435	      21076	   778	  6605	         6154	     6932	     6448	      4835	            4828	           3396	                171	           2563	             331	               331	   1613	         1612	        1607	             321	         235	           32	           1019
 15656	    85998	 1755656811.5339	 243.7943	 30696	  8311	   30309	      22355	  1242	 10763	         9935	    11177	    10279	      7563	            7558	           5488	                213	           4295	             501	               479	   2716	         2716	        2696	             617	         317	           51	           1711
 15657	    86237	 1755741958.4532	 244.6133	 30399	  8587	   30031	      22031	  1326	 10830	         9988	    11314	    10417	      7713	            7703	           5616	                226	           4324	             556	               510	   2704	         2703	        2684	             563	         325	           63	           1733
 15658	    86032	 1755829303.0761	 240.2858	 30601	  8224	   30216	      22221	  1330	 11003	        10176	    11506	    10636	      7869	            7863	           5694	                223	           4397	             562	               512	   2767	         2766	        2745	             568	         383	           42	           1752
 15659	    86242	 1755914180.0330	 233.8301	 31012	  8390	   30594	      22581	  1369	 11784	        10881	    12250	    11341	      8287	            8277	           5982	                235	           4669	             573	               505	   3054	         3051	        3029	             634	         389	           48	           1958
 15660	    85797	 1755997463.4520	 258.9816	 31112	  8269	   30679	      22665	  1002	  9380	         8743	     9745	     8993	      6572	            6567	           4732	                199	           3611	             459	               463	   2421	         2419	        2410	             527	         304	           39	           1540
 15661	    76792	 1756085434.4490	 250.2011	 27556	  7183	   27198	      20166	   894	  7915	         7370	     8264	     7680	      5671	            5665	           4027	                190	           3091	             365	               381	   2009	         2007	        1995	             427	         280	           35	           1253
 15667	    46716	 1756338229.0641	 162.0140	 16472	  4611	   16265	      12114	   914	  7171	         6500	     7414	     6857	      5065	            5062	           3616	                109	           2793	             388	               326	   1792	         1792	        1779	             308	         231	           22	           1218
 15669	    81128	 1756435503.4538	 182.4764	 28934	  8059	   28688	      20896	  2299	 17635	        15521	    17820	    16484	     11809	           11804	           8784	                251	           6698	             982	               853	   4675	         4673	        4647	            1051	         539	          129	           2928
 15670	    86214	 1756518923.8022	 185.2998	 31038	  8499	   30739	      22696	  2681	 18951	        16671	    19352	    17889	     12913	           12903	           9652	                274	           7302	            1172	               904	   4976	         4974	        4948	            1041	         560	          163	           3184
 15671	    86950	 1756605799.5292	 187.6109	 31309	  8268	   31005	      22777	  2563	 18992	        16708	    19271	    17861	     12824	           12811	           9616	                250	           7332	            1128	               906	   5037	         5033	        5006	            1027	         603	          126	           3250
 15672	    86315	 1756692234.0346	 187.7628	 31207	  8214	   30880	      22547	  2475	 19064	        16719	    19194	    17790	     12977	           12967	           9669	                242	           7494	            1098	               835	   4813	         4810	        4783	             899	         586	          122	           3176
 15673	    81544	 1756777358.2805	 179.7306	 29419	  7850	   29113	      21473	  2321	 18144	        15938	    18259	    17276	     12318	           12312	           9152	                240	           7038	            1009	               865	   4958	         4954	        4928	            1009	         631	          137	           3151
 15675	    85817	 1756866758.5881	 187.5240	 30257	  8928	   29964	      22013	  2442	 18522	        16284	    18726	    17458	     12675	           12664	           9508	                235	           7233	            1106	               934	   4783	         4782	        4756	             958	         554	          129	           3115
 15676	    79211	 1756949185.1167	 178.3531	 28268	  8289	   27981	      20472	  2264	 17283	        15286	    17550	    16379	     11915	           11906	           8944	                207	           6881	            1000	               856	   4464	         4463	        4426	             963	         549	          122	           2792
 15679	    83742	 1757039077.2032	 188.3929	 29177	  9790	   28856	      21284	  2374	 17859	        15739	    18113	    16616	     11971	           11967	           9094	                304	           6909	            1055	               826	   4645	         4644	        4618	             944	         577	          159	           2938
 15680	    85296	 1757124411.2886	 192.7062	 29183	  9747	   28878	      21087	  2349	 17694	        15612	    17961	    16377	     11862	           11851	           8962	                271	           6782	            1026	               883	   4515	         4514	        4481	             930	         560	          109	           2882
 15681	    86023	 1757210279.9192	 192.2021	 29606	  9625	   29262	      21338	  2363	 17957	        15825	    18188	    16555	     11902	           11896	           9027	                251	           6848	            1036	               892	   4653	         4652	        4623	             950	         553	          132	           2988
 15682	    65708	 1757286320.3709	 169.7360	 22534	  7483	   22295	      16279	  1778	 13646	        12047	    13825	    12615	      9194	            9190	           6965	                204	           5342	             783	               636	   3421	         3419	        3399	             657	         407	           97	           2238
 15687	    86309	 1757372267.9370	 197.4595	 29497	 10048	   29247	      21245	  2341	 17873	        15746	    18087	    15855	     11410	           11406	           8676	                214	           6657	             956	               849	   4445	         4444	        4419	             863	         563	           98	           2895
 15688	    86399	 1757459059.9065	 198.6535	 29702	 10080	   29366	      21462	  2408	 17979	        15861	    18269	    16026	     11644	           11628	           8837	                236	           6792	             992	               817	   4382	         4380	        4364	             846	         549	          135	           2834
 15689	    85830	 1757545449.9971	 193.7950	 29836	 10086	   29524	      21628	  2296	 18310	        16117	    18413	    16238	     11787	           11782	           9003	                243	           7002	             939	               819	   4451	         4447	        4421	             894	         605	          116	           2806
 15693	    86133	 1757633834.2226	 197.4182	 29546	  9912	   29193	      21393	  2356	 17997	        15706	    18062	    15933	     11554	           11549	           8775	                216	           6753	            1000	               806	   4379	         4376	        4350	             915	         532	          127	           2776
 15694	    86542	 1757724620.5330	 197.3781	 29877	  9894	   29474	      21747	  2380	 18102	        15906	    18286	    16038	     11738	           11734	           8895	                234	           6812	             994	               855	   4300	         4298	        4268	             888	         514	          108	           2758
 15695	    86075	 1757811052.4421	 195.1705	 30004	  9982	   29650	      21875	  2351	 18477	        16218	    18569	    16352	     11768	           11765	           8937	                235	           6910	             957	               835	   4584	         4583	        4559	             970	         561	          134	           2894
 15696	    87682	 1757898558.6075	 197.4457	 30263	 10084	   29899	      21895	  2471	 18308	        16067	    18538	    16287	     11808	           11798	           8901	                243	           6771	            1034	               853	   4479	         4476	        4441	             887	         542	          149	           2863
 15697	    86373	 1757985689.3233	 196.9017	 29462	  9872	   29138	      21365	  2317	 17988	        15743	    18060	    15978	     11640	           11631	           8854	                269	           6804	             961	               820	   4338	         4337	        4317	             817	         545	          126	           2829
 15698	    90027	 1758075866.2366	 195.3300	 31671	 10056	   31257	      22908	  2590	 19210	        16890	    19480	    17872	     12983	           12971	           9829	                289	           7454	            1127	               959	   4889	         4887	        4848	             953	         585	          149	           3161
 15699	    86278	 1758164157.3363	 193.0987	 30129	  9810	   29758	      21802	  2439	 18259	        16018	    18457	    16962	     12283	           12280	           9308	                246	           7124	            1034	               904	   4679	         4677	        4650	            1013	         533	          124	           2980
 15700	    86613	 1758250680.4558	 193.5617	 30194	  9827	   29830	      21905	  2484	 18381	        16126	    18610	    16997	     12388	           12381	           9455	                268	           7212	            1046	               929	   4609	         4608	        4580	             926	         574	          151	           2929
 15701	    87385	 1758335647.2331	 187.8987	 28775	  9605	   28483	      20808	  2285	 17526	        15414	    17699	    16211	     11761	           11756	           8868	                247	           6779	             956	               886	   4450	         4448	        4422	             882	         550	          137	           2853
 15709	    57503	 1758424627.6722	 154.8725	 20381	  6441	   19941	      14706	  1593	 12530	        10924	    12517	    11507	      8368	            8362	           6268	                152	           4842	             692	               582	   3139	         3137	        3117	             585	         409	           93	           2030
 15724	    66550	 1758499023.1681	 167.0259	 23477	  7439	   23195	      17075	  1980	 14190	        12387	    14367	    13211	      9638	            9630	           7208	                184	           5470	             884	               670	   3573	         3571	        3543	             701	         453	           91	           2298
 15729	    85812	 1758593262.6444	 194.8252	 30016	  9663	   29613	      21803	  2441	 18176	        15842	    18283	    16229	     11733	           11728	           8926	                213	           6867	             969	               877	   4496	         4491	        4464	             915	         583	          155	           2811
 15730	    87572	 1758680293.0736	 193.6686	 30329	  9960	   30017	      22188	  2370	 18810	        16478	    18848	    16768	     12135	           12129	           9236	                252	           7174	             996	               814	   4633	         4633	        4605	             969	         558	          138	           2940
 15731	    86561	 1758767001.4304	 194.0971	 30155	  9790	   29765	      21928	  2359	 18424	        16179	    18538	    16496	     11903	           11892	           8975	                249	           6878	             989	               859	   4593	         4593	        4564	             945	         525	          122	           2972
 15732	    85314	 1758853260.4457	 193.2805	 29641	  9508	   29319	      21600	  2380	 18235	        15957	    18337	    16389	     11843	           11836	           8982	                247	           6927	            1044	               764	   4546	         4545	        4504	             914	         506	          152	           2932
 15733	    86919	 1758939445.0071	 193.8304	 30475	 10027	   30144	      22120	  2437	 18639	        16226	    18663	    16636	     12087	           12081	           9212	                241	           7054	            1060	               857	   4549	         4549	        4527	             916	         547	          147	           2917
 15734	    85790	 1759026072.8044	 195.0733	 29837	  9598	   29513	      21813	  2406	 18158	        15869	    18275	    16330	     11888	           11874	           8919	                212	           6863	            1010	               834	   4442	         4439	        4414	             852	         546	          113	           2903
 15735	    87451	 1759112702.4595	 194.4310	 30547	  9958	   30193	      22198	  2495	 18665	        16315	    18810	    16751	     12225	           12216	           9203	                235	           7100	            1008	               860	   4526	         4525	        4505	             868	         534	          145	           2958
 15736	    93376	 1759203670.1769	 199.6325	 32622	 10506	   32243	      23718	  2576	 20112	        17704	    20280	    18131	     13193	           13185	           9976	                252	           7721	            1081	               922	   4938	         4934	        4903	            1003	         539	          127	           3234
 15737	    52343	 1759276308.2348	 148.7247	 18365	  5844	   18192	      13440	  1456	 11319	         9993	    11449	    10223	      7322	            7319	           5431	                161	           4152	             589	               529	   2901	         2898	        2878	             620	         306	           77	           1875
